476 32634345 0x00000084 0x00000084 1 8  6
476 32634435 0x00000084 0x00000084 1 8  6
476 32634766 0x00000084 0x00000084 1 8  6
476 32634876 0x00000084 0x00000084 1 8  6
1216 32685158 0x00000084 0x00000084 1 8  6
1216 32685258 0x00000084 0x00000084 1 8  6
1216 32685439 0x00000084 0x00000084 1 8  6
1216 32685529 0x00000084 0x00000084 1 8  6
1216 32685739 0x00000084 0x00000084 1 8  6
1216 32685829 0x00000084 0x00000084 1 8  6
1216 32688743 0x00000084 0x00000084 1 8  6
1216 32688874 0x00000084 0x00000084 1 8  6
1216 32689094 0x00000084 0x00000084 1 8  6
1216 32689194 0x00000084 0x00000084 1 8  6
1216 32689444 0x00000084 0x00000084 1 8  6
1216 32689525 0x00000084 0x00000084 1 8  6
1216 32689895 0x00000084 0x00000084 1 8  6
1216 32690005 0x00000084 0x00000084 1 8  6
1216 32690266 0x00000084 0x00000084 1 8  6
1216 32690366 0x00000084 0x00000084 1 8  6
1216 32690536 0x00000084 0x00000084 1 8  6
1216 32690676 0x00000084 0x00000084 1 8  6
1216 32690816 0x00000084 0x00000084 1 8  6
1216 32690887 0x00000084 0x00000084 1 8  6
836 33255168 0x00000084 0x00000084 1 8  6
836 33256940 0x00000084 0x00000084 1 8  6
836 33257011 0x00000084 0x00000084 1 8  6
836 33257251 0x00000084 0x00000084 1 8  6
836 33257301 0x00000084 0x00000084 1 8  6
836 33257611 0x00000084 0x00000084 1 8  6
836 33257672 0x00000084 0x00000084 1 8  6
836 33257912 0x00000084 0x00000084 1 8  6
836 33258012 0x00000084 0x00000084 1 8  6
836 33258182 0x00000084 0x00000084 1 8  6
836 33258312 0x00000084 0x00000084 1 8  6
836 33258342 0x00000084 0x00000084 1 8  6
836 33258443 0x00000084 0x00000084 1 8  6
636 33526859 0x00000084 0x00000084 1 8  6
636 33526989 0x00000084 0x00000084 1 8  6
636 33527389 0x00000084 0x00000084 1 8  6
636 33527469 0x00000084 0x00000084 1 8  6
636 33527730 0x00000084 0x00000084 1 8  6
636 33527840 0x00000084 0x00000084 1 8  6
636 33528411 0x00000084 0x00000084 1 8  6
636 33528491 0x00000084 0x00000084 1 8  6
636 33528771 0x00000084 0x00000084 1 8  6
636 33528881 0x00000084 0x00000084 1 8  6
636 33529192 0x00000084 0x00000084 1 8  6
636 33529222 0x00000084 0x00000084 1 8  6
636 33529252 0x00000084 0x00000084 1 8  6
636 33529282 0x00000084 0x00000084 1 8  6
636 33529312 0x00000084 0x00000084 1 8  6
636 33529342 0x00000084 0x00000084 1 8  6
636 33529372 0x00000084 0x00000084 1 8  6
636 33529402 0x00000084 0x00000084 1 8  6
636 33529432 0x00000084 0x00000084 1 8  6
636 33529462 0x00000084 0x00000084 1 8  6
636 33529492 0x00000084 0x00000084 1 8  6
636 33529522 0x00000084 0x00000084 1 8  6
636 33529552 0x00000084 0x00000084 1 8  6
636 33529582 0x00000084 0x00000084 1 8  6
636 33529613 0x00000084 0x00000084 1 8  6
636 33529643 0x00000084 0x00000084 1 8  6
636 33529673 0x00000084 0x00000084 1 8  6
636 33529703 0x00000084 0x00000084 1 8  6
636 33529733 0x00000084 0x00000084 1 8  6
636 33529763 0x00000084 0x00000084 1 8  6
636 33529793 0x00000084 0x00000084 1 8  6
636 33529823 0x00000084 0x00000084 1 8  6
636 33529853 0x00000084 0x00000084 1 8  6
636 33529883 0x00000084 0x00000084 1 8  6
636 33529913 0x00000084 0x00000084 1 8  6
636 33529943 0x00000084 0x00000084 1 8  6
636 33529973 0x00000084 0x00000084 1 8  6
636 33530003 0x00000084 0x00000084 1 8  6
636 33530033 0x00000084 0x00000084 1 8  6
636 33530063 0x00000084 0x00000084 1 8  6
636 33530093 0x00000084 0x00000084 1 8  6
636 33530123 0x00000084 0x00000084 1 8  6
636 33530153 0x00000084 0x00000084 1 8  6
636 33530183 0x00000084 0x00000084 1 8  6
636 33530213 0x00000084 0x00000084 1 8  6
636 33530243 0x00000084 0x00000084 1 8  6
636 33530273 0x00000084 0x00000084 1 8  6
636 33530304 0x00000084 0x00000084 1 8  6
636 33530334 0x00000084 0x00000084 1 8  6
636 33530364 0x00000084 0x00000084 1 8  6
636 33530394 0x00000084 0x00000084 1 8  6
636 33530424 0x00000084 0x00000084 1 8  6
636 33530454 0x00000084 0x00000084 1 8  6
636 33530484 0x00000084 0x00000084 1 8  6
636 33530514 0x00000084 0x00000084 1 8  6
636 33530544 0x00000084 0x00000084 1 8  6
636 33530574 0x00000084 0x00000084 1 8  6
636 33530604 0x00000084 0x00000084 1 8  6
636 33530634 0x00000084 0x00000084 1 8  6
636 33530664 0x00000084 0x00000084 1 8  6
636 33530694 0x00000084 0x00000084 1 8  6
636 33530724 0x00000084 0x00000084 1 8  6
636 33530754 0x00000084 0x00000084 1 8  6
636 33530784 0x00000084 0x00000084 1 8  6
636 33530814 0x00000084 0x00000084 1 8  6
636 33530844 0x00000084 0x00000084 1 8  6
636 33530874 0x00000084 0x00000084 1 8  6
636 33530904 0x00000084 0x00000084 1 8  6
636 33530934 0x00000084 0x00000084 1 8  6
636 33530964 0x00000084 0x00000084 1 8  6
636 33530995 0x00000084 0x00000084 1 8  6
636 33531025 0x00000084 0x00000084 1 8  6
636 33531055 0x00000084 0x00000084 1 8  6
636 33531085 0x00000084 0x00000084 1 8  6
636 33531115 0x00000084 0x00000084 1 8  6
636 33531145 0x00000084 0x00000084 1 8  6
636 33531175 0x00000084 0x00000084 1 8  6
636 33531205 0x00000084 0x00000084 1 8  6
636 33531235 0x00000084 0x00000084 1 8  6
636 33531265 0x00000084 0x00000084 1 8  6
636 33531295 0x00000084 0x00000084 1 8  6
636 33531325 0x00000084 0x00000084 1 8  6
636 33531355 0x00000084 0x00000084 1 8  6
636 33531385 0x00000084 0x00000084 1 8  6
636 33531415 0x00000084 0x00000084 1 8  6
636 33531445 0x00000084 0x00000084 1 8  6
636 33531475 0x00000084 0x00000084 1 8  6
636 33531505 0x00000084 0x00000084 1 8  6
636 33531535 0x00000084 0x00000084 1 8  6
636 33531565 0x00000084 0x00000084 1 8  6
636 33531595 0x00000084 0x00000084 1 8  6
636 33531625 0x00000084 0x00000084 1 8  6
636 33531655 0x00000084 0x00000084 1 8  6
636 33531686 0x00000084 0x00000084 1 8  6
636 33531716 0x00000084 0x00000084 1 8  6
636 33531746 0x00000084 0x00000084 1 8  6
636 33531776 0x00000084 0x00000084 1 8  6
636 33531806 0x00000084 0x00000084 1 8  6
636 33531836 0x00000084 0x00000084 1 8  6
636 33531866 0x00000084 0x00000084 1 8  6
636 33531896 0x00000084 0x00000084 1 8  6
636 33531926 0x00000084 0x00000084 1 8  6
636 33531956 0x00000084 0x00000084 1 8  6
636 33531986 0x00000084 0x00000084 1 8  6
636 33532016 0x00000084 0x00000084 1 8  6
636 33532046 0x00000084 0x00000084 1 8  6
636 33532076 0x00000084 0x00000084 1 8  6
636 33532106 0x00000084 0x00000084 1 8  6
636 33532136 0x00000084 0x00000084 1 8  6
636 33532166 0x00000084 0x00000084 1 8  6
636 33532196 0x00000084 0x00000084 1 8  6
636 33532226 0x00000084 0x00000084 1 8  6
636 33532256 0x00000084 0x00000084 1 8  6
636 33532286 0x00000084 0x00000084 1 8  6
636 33532316 0x00000084 0x00000084 1 8  6
636 33532346 0x00000084 0x00000084 1 8  6
636 33532377 0x00000084 0x00000084 1 8  6
636 33532407 0x00000084 0x00000084 1 8  6
636 33532437 0x00000084 0x00000084 1 8  6
636 33532467 0x00000084 0x00000084 1 8  6
636 33532497 0x00000084 0x00000084 1 8  6
636 33532527 0x00000084 0x00000084 1 8  6
636 33532557 0x00000084 0x00000084 1 8  6
636 33532587 0x00000084 0x00000084 1 8  6
636 33532617 0x00000084 0x00000084 1 8  6
636 33532647 0x00000084 0x00000084 1 8  6
636 33532677 0x00000084 0x00000084 1 8  6
636 33532707 0x00000084 0x00000084 1 8  6
636 33532737 0x00000084 0x00000084 1 8  6
636 33532777 0x00000084 0x00000084 1 8  6
636 33532807 0x00000084 0x00000084 1 8  6
636 33532837 0x00000084 0x00000084 1 8  6
636 33532867 0x00000084 0x00000084 1 8  6
636 33532897 0x00000084 0x00000084 1 8  6
636 33532927 0x00000084 0x00000084 1 8  6
636 33532957 0x00000084 0x00000084 1 8  6
636 33532987 0x00000084 0x00000084 1 8  6
636 33533017 0x00000084 0x00000084 1 8  6
636 33533047 0x00000084 0x00000084 1 8  6
636 33533078 0x00000084 0x00000084 1 8  6
636 33533108 0x00000084 0x00000084 1 8  6
636 33533138 0x00000084 0x00000084 1 8  6
636 33533168 0x00000084 0x00000084 1 8  6
636 33533198 0x00000084 0x00000084 1 8  6
636 33533228 0x00000084 0x00000084 1 8  6
636 33533258 0x00000084 0x00000084 1 8  6
636 33533288 0x00000084 0x00000084 1 8  6
636 33533318 0x00000084 0x00000084 1 8  6
636 33533348 0x00000084 0x00000084 1 8  6
636 33533378 0x00000084 0x00000084 1 8  6
636 33533408 0x00000084 0x00000084 1 8  6
636 33533438 0x00000084 0x00000084 1 8  6
636 33533468 0x00000084 0x00000084 1 8  6
636 33533498 0x00000084 0x00000084 1 8  6
636 33533528 0x00000084 0x00000084 1 8  6
636 33533558 0x00000084 0x00000084 1 8  6
636 33533588 0x00000084 0x00000084 1 8  6
636 33533618 0x00000084 0x00000084 1 8  6
636 33533648 0x00000084 0x00000084 1 8  6
636 33533678 0x00000084 0x00000084 1 8  6
636 33533708 0x00000084 0x00000084 1 8  6
636 33533738 0x00000084 0x00000084 1 8  6
636 33533769 0x00000084 0x00000084 1 8  6
636 33533799 0x00000084 0x00000084 1 8  6
636 33533829 0x00000084 0x00000084 1 8  6
636 33533859 0x00000084 0x00000084 1 8  6
636 33533889 0x00000084 0x00000084 1 8  6
636 33533919 0x00000084 0x00000084 1 8  6
636 33533949 0x00000084 0x00000084 1 8  6
636 33533979 0x00000084 0x00000084 1 8  6
636 33534009 0x00000084 0x00000084 1 8  6
636 33534039 0x00000084 0x00000084 1 8  6
636 33534069 0x00000084 0x00000084 1 8  6
636 33534099 0x00000084 0x00000084 1 8  6
636 33534129 0x00000084 0x00000084 1 8  6
636 33534159 0x00000084 0x00000084 1 8  6
636 33534189 0x00000084 0x00000084 1 8  6
636 33534219 0x00000084 0x00000084 1 8  6
636 33534249 0x00000084 0x00000084 1 8  6
636 33534279 0x00000084 0x00000084 1 8  6
636 33534309 0x00000084 0x00000084 1 8  6
636 33534339 0x00000084 0x00000084 1 8  6
636 33534369 0x00000084 0x00000084 1 8  6
636 33534399 0x00000084 0x00000084 1 8  6
636 33534429 0x00000084 0x00000084 1 8  6
636 33534460 0x00000084 0x00000084 1 8  6
636 33534490 0x00000084 0x00000084 1 8  6
636 33534520 0x00000084 0x00000084 1 8  6
636 33534550 0x00000084 0x00000084 1 8  6
636 33534580 0x00000084 0x00000084 1 8  6
636 33534610 0x00000084 0x00000084 1 8  6
636 33534640 0x00000084 0x00000084 1 8  6
636 33534670 0x00000084 0x00000084 1 8  6
636 33534700 0x00000084 0x00000084 1 8  6
636 33534730 0x00000084 0x00000084 1 8  6
636 33534760 0x00000084 0x00000084 1 8  6
636 33534790 0x00000084 0x00000084 1 8  6
636 33534820 0x00000084 0x00000084 1 8  6
636 33534850 0x00000084 0x00000084 1 8  6
636 33534880 0x00000084 0x00000084 1 8  6
636 33534910 0x00000084 0x00000084 1 8  6
636 33534940 0x00000084 0x00000084 1 8  6
636 33534970 0x00000084 0x00000084 1 8  6
636 33535000 0x00000084 0x00000084 1 8  6
636 33535030 0x00000084 0x00000084 1 8  6
636 33535060 0x00000084 0x00000084 1 8  6
636 33535090 0x00000084 0x00000084 1 8  6
636 33535120 0x00000084 0x00000084 1 8  6
636 33535150 0x00000084 0x00000084 1 8  6
636 33535181 0x00000084 0x00000084 1 8  6
636 33535211 0x00000084 0x00000084 1 8  6
636 33535241 0x00000084 0x00000084 1 8  6
636 33535271 0x00000084 0x00000084 1 8  6
636 33535301 0x00000084 0x00000084 1 8  6
636 33535331 0x00000084 0x00000084 1 8  6
636 33535361 0x00000084 0x00000084 1 8  6
636 33535391 0x00000084 0x00000084 1 8  6
636 33535421 0x00000084 0x00000084 1 8  6
636 33535451 0x00000084 0x00000084 1 8  6
636 33535481 0x00000084 0x00000084 1 8  6
636 33535511 0x00000084 0x00000084 1 8  6
636 33535541 0x00000084 0x00000084 1 8  6
636 33535571 0x00000084 0x00000084 1 8  6
636 33535601 0x00000084 0x00000084 1 8  6
636 33535631 0x00000084 0x00000084 1 8  6
636 33535661 0x00000084 0x00000084 1 8  6
636 33535691 0x00000084 0x00000084 1 8  6
636 33535721 0x00000084 0x00000084 1 8  6
636 33535751 0x00000084 0x00000084 1 8  6
636 33535781 0x00000084 0x00000084 1 8  6
636 33535811 0x00000084 0x00000084 1 8  6
636 33535841 0x00000084 0x00000084 1 8  6
636 33535872 0x00000084 0x00000084 1 8  6
636 33535902 0x00000084 0x00000084 1 8  6
636 33535932 0x00000084 0x00000084 1 8  6
636 33535962 0x00000084 0x00000084 1 8  6
636 33535992 0x00000084 0x00000084 1 8  6
636 33536022 0x00000084 0x00000084 1 8  6
636 33536052 0x00000084 0x00000084 1 8  6
636 33536082 0x00000084 0x00000084 1 8  6
636 33536112 0x00000084 0x00000084 1 8  6
636 33536142 0x00000084 0x00000084 1 8  6
636 33536172 0x00000084 0x00000084 1 8  6
636 33536202 0x00000084 0x00000084 1 8  6
636 33536232 0x00000084 0x00000084 1 8  6
636 33536262 0x00000084 0x00000084 1 8  6
636 33536292 0x00000084 0x00000084 1 8  6
636 33536322 0x00000084 0x00000084 1 8  6
636 33536352 0x00000084 0x00000084 1 8  6
636 33536382 0x00000084 0x00000084 1 8  6
636 33536412 0x00000084 0x00000084 1 8  6
636 33536442 0x00000084 0x00000084 1 8  6
636 33536472 0x00000084 0x00000084 1 8  6
636 33536502 0x00000084 0x00000084 1 8  6
636 33536532 0x00000084 0x00000084 1 8  6
636 33536563 0x00000084 0x00000084 1 8  6
636 33536593 0x00000084 0x00000084 1 8  6
636 33536623 0x00000084 0x00000084 1 8  6
636 33536653 0x00000084 0x00000084 1 8  6
636 33536683 0x00000084 0x00000084 1 8  6
636 33536713 0x00000084 0x00000084 1 8  6
636 33536743 0x00000084 0x00000084 1 8  6
636 33536773 0x00000084 0x00000084 1 8  6
636 33536803 0x00000084 0x00000084 1 8  6
636 33536833 0x00000084 0x00000084 1 8  6
636 33536863 0x00000084 0x00000084 1 8  6
636 33536893 0x00000084 0x00000084 1 8  6
636 33536923 0x00000084 0x00000084 1 8  6
636 33536953 0x00000084 0x00000084 1 8  6
636 33536983 0x00000084 0x00000084 1 8  6
636 33537013 0x00000084 0x00000084 1 8  6
636 33537043 0x00000084 0x00000084 1 8  6
636 33537073 0x00000084 0x00000084 1 8  6
636 33537103 0x00000084 0x00000084 1 8  6
636 33537133 0x00000084 0x00000084 1 8  6
636 33537163 0x00000084 0x00000084 1 8  6
636 33537193 0x00000084 0x00000084 1 8  6
636 33537223 0x00000084 0x00000084 1 8  6
636 33537254 0x00000084 0x00000084 1 8  6
636 33537284 0x00000084 0x00000084 1 8  6
636 33537314 0x00000084 0x00000084 1 8  6
636 33537344 0x00000084 0x00000084 1 8  6
636 33537374 0x00000084 0x00000084 1 8  6
636 33537404 0x00000084 0x00000084 1 8  6
636 33537434 0x00000084 0x00000084 1 8  6
636 33537464 0x00000084 0x00000084 1 8  6
636 33537494 0x00000084 0x00000084 1 8  6
636 33537524 0x00000084 0x00000084 1 8  6
636 33537554 0x00000084 0x00000084 1 8  6
636 33537584 0x00000084 0x00000084 1 8  6
636 33537614 0x00000084 0x00000084 1 8  6
636 33537644 0x00000084 0x00000084 1 8  6
636 33537674 0x00000084 0x00000084 1 8  6
636 33537704 0x00000084 0x00000084 1 8  6
636 33537734 0x00000084 0x00000084 1 8  6
636 33537764 0x00000084 0x00000084 1 8  6
636 33537794 0x00000084 0x00000084 1 8  6
636 33537824 0x00000084 0x00000084 1 8  6
636 33537854 0x00000084 0x00000084 1 8  6
636 33537884 0x00000084 0x00000084 1 8  6
636 33537914 0x00000084 0x00000084 1 8  6
636 33537945 0x00000084 0x00000084 1 8  6
636 33537975 0x00000084 0x00000084 1 8  6
636 33538005 0x00000084 0x00000084 1 8  6
636 33538035 0x00000084 0x00000084 1 8  6
636 33538065 0x00000084 0x00000084 1 8  6
636 33538095 0x00000084 0x00000084 1 8  6
636 33538125 0x00000084 0x00000084 1 8  6
636 33538155 0x00000084 0x00000084 1 8  6
636 33538185 0x00000084 0x00000084 1 8  6
636 33538215 0x00000084 0x00000084 1 8  6
636 33538245 0x00000084 0x00000084 1 8  6
636 33538275 0x00000084 0x00000084 1 8  6
636 33538305 0x00000084 0x00000084 1 8  6
636 33538335 0x00000084 0x00000084 1 8  6
636 33538365 0x00000084 0x00000084 1 8  6
636 33538395 0x00000084 0x00000084 1 8  6
636 33538425 0x00000084 0x00000084 1 8  6
636 33538455 0x00000084 0x00000084 1 8  6
636 33538485 0x00000084 0x00000084 1 8  6
636 33538515 0x00000084 0x00000084 1 8  6
636 33538545 0x00000084 0x00000084 1 8  6
636 33538575 0x00000084 0x00000084 1 8  6
636 33538605 0x00000084 0x00000084 1 8  6
636 33538636 0x00000084 0x00000084 1 8  6
636 33538666 0x00000084 0x00000084 1 8  6
636 33538696 0x00000084 0x00000084 1 8  6
636 33538726 0x00000084 0x00000084 1 8  6
636 33538756 0x00000084 0x00000084 1 8  6
636 33538786 0x00000084 0x00000084 1 8  6
636 33538816 0x00000084 0x00000084 1 8  6
636 33538846 0x00000084 0x00000084 1 8  6
636 33538876 0x00000084 0x00000084 1 8  6
636 33538906 0x00000084 0x00000084 1 8  6
636 33538936 0x00000084 0x00000084 1 8  6
636 33538966 0x00000084 0x00000084 1 8  6
636 33538996 0x00000084 0x00000084 1 8  6
636 33539026 0x00000084 0x00000084 1 8  6
636 33539056 0x00000084 0x00000084 1 8  6
636 33539086 0x00000084 0x00000084 1 8  6
636 33539116 0x00000084 0x00000084 1 8  6
636 33539146 0x00000084 0x00000084 1 8  6
636 33539176 0x00000084 0x00000084 1 8  6
636 33539206 0x00000084 0x00000084 1 8  6
636 33539236 0x00000084 0x00000084 1 8  6
636 33539266 0x00000084 0x00000084 1 8  6
636 33539296 0x00000084 0x00000084 1 8  6
636 33539327 0x00000084 0x00000084 1 8  6
636 33539357 0x00000084 0x00000084 1 8  6
636 33539387 0x00000084 0x00000084 1 8  6
636 33539417 0x00000084 0x00000084 1 8  6
636 33539447 0x00000084 0x00000084 1 8  6
636 33539477 0x00000084 0x00000084 1 8  6
636 33539507 0x00000084 0x00000084 1 8  6
636 33539537 0x00000084 0x00000084 1 8  6
636 33539567 0x00000084 0x00000084 1 8  6
636 33539597 0x00000084 0x00000084 1 8  6
636 33539627 0x00000084 0x00000084 1 8  6
636 33539657 0x00000084 0x00000084 1 8  6
636 33539687 0x00000084 0x00000084 1 8  6
636 33539717 0x00000084 0x00000084 1 8  6
636 33539747 0x00000084 0x00000084 1 8  6
636 33539777 0x00000084 0x00000084 1 8  6
636 33539807 0x00000084 0x00000084 1 8  6
636 33539837 0x00000084 0x00000084 1 8  6
636 33539867 0x00000084 0x00000084 1 8  6
636 33539897 0x00000084 0x00000084 1 8  6
636 33539927 0x00000084 0x00000084 1 8  6
636 33539957 0x00000084 0x00000084 1 8  6
636 33539987 0x00000084 0x00000084 1 8  6
636 33540017 0x00000084 0x00000084 1 8  6
636 33540048 0x00000084 0x00000084 1 8  6
636 33540078 0x00000084 0x00000084 1 8  6
636 33540108 0x00000084 0x00000084 1 8  6
636 33540138 0x00000084 0x00000084 1 8  6
636 33540168 0x00000084 0x00000084 1 8  6
636 33540198 0x00000084 0x00000084 1 8  6
636 33540228 0x00000084 0x00000084 1 8  6
636 33540258 0x00000084 0x00000084 1 8  6
636 33540288 0x00000084 0x00000084 1 8  6
636 33540318 0x00000084 0x00000084 1 8  6
636 33540348 0x00000084 0x00000084 1 8  6
636 33540378 0x00000084 0x00000084 1 8  6
636 33540408 0x00000084 0x00000084 1 8  6
636 33540438 0x00000084 0x00000084 1 8  6
636 33540468 0x00000084 0x00000084 1 8  6
636 33540498 0x00000084 0x00000084 1 8  6
636 33540528 0x00000084 0x00000084 1 8  6
636 33540558 0x00000084 0x00000084 1 8  6
636 33540588 0x00000084 0x00000084 1 8  6
636 33540618 0x00000084 0x00000084 1 8  6
636 33540648 0x00000084 0x00000084 1 8  6
636 33540678 0x00000084 0x00000084 1 8  6
636 33540708 0x00000084 0x00000084 1 8  6
636 33540739 0x00000084 0x00000084 1 8  6
636 33540769 0x00000084 0x00000084 1 8  6
636 33540799 0x00000084 0x00000084 1 8  6
636 33540829 0x00000084 0x00000084 1 8  6
636 33540859 0x00000084 0x00000084 1 8  6
636 33540889 0x00000084 0x00000084 1 8  6
636 33540919 0x00000084 0x00000084 1 8  6
636 33540949 0x00000084 0x00000084 1 8  6
636 33540979 0x00000084 0x00000084 1 8  6
636 33541009 0x00000084 0x00000084 1 8  6
636 33541039 0x00000084 0x00000084 1 8  6
636 33541069 0x00000084 0x00000084 1 8  6
636 33541099 0x00000084 0x00000084 1 8  6
636 33541129 0x00000084 0x00000084 1 8  6
636 33541159 0x00000084 0x00000084 1 8  6
636 33541189 0x00000084 0x00000084 1 8  6
636 33541219 0x00000084 0x00000084 1 8  6
636 33541249 0x00000084 0x00000084 1 8  6
636 33541279 0x00000084 0x00000084 1 8  6
636 33541309 0x00000084 0x00000084 1 8  6
636 33541339 0x00000084 0x00000084 1 8  6
636 33541369 0x00000084 0x00000084 1 8  6
636 33541399 0x00000084 0x00000084 1 8  6
636 33541430 0x00000084 0x00000084 1 8  6
636 33541460 0x00000084 0x00000084 1 8  6
636 33541490 0x00000084 0x00000084 1 8  6
636 33541520 0x00000084 0x00000084 1 8  6
636 33541550 0x00000084 0x00000084 1 8  6
636 33541580 0x00000084 0x00000084 1 8  6
636 33541610 0x00000084 0x00000084 1 8  6
636 33541640 0x00000084 0x00000084 1 8  6
636 33541670 0x00000084 0x00000084 1 8  6
636 33541700 0x00000084 0x00000084 1 8  6
636 33541730 0x00000084 0x00000084 1 8  6
636 33541760 0x00000084 0x00000084 1 8  6
636 33541790 0x00000084 0x00000084 1 8  6
636 33541820 0x00000084 0x00000084 1 8  6
636 33541850 0x00000084 0x00000084 1 8  6
636 33541880 0x00000084 0x00000084 1 8  6
636 33541910 0x00000084 0x00000084 1 8  6
636 33541940 0x00000084 0x00000084 1 8  6
636 33541970 0x00000084 0x00000084 1 8  6
636 33542000 0x00000084 0x00000084 1 8  6
636 33542030 0x00000084 0x00000084 1 8  6
636 33542060 0x00000084 0x00000084 1 8  6
636 33542090 0x00000084 0x00000084 1 8  6
636 33542121 0x00000084 0x00000084 1 8  6
636 33542151 0x00000084 0x00000084 1 8  6
636 33542181 0x00000084 0x00000084 1 8  6
636 33542211 0x00000084 0x00000084 1 8  6
636 33542241 0x00000084 0x00000084 1 8  6
636 33542271 0x00000084 0x00000084 1 8  6
636 33542301 0x00000084 0x00000084 1 8  6
636 33542331 0x00000084 0x00000084 1 8  6
636 33542361 0x00000084 0x00000084 1 8  6
636 33542391 0x00000084 0x00000084 1 8  6
636 33542421 0x00000084 0x00000084 1 8  6
636 33542451 0x00000084 0x00000084 1 8  6
636 33542481 0x00000084 0x00000084 1 8  6
636 33542511 0x00000084 0x00000084 1 8  6
636 33542541 0x00000084 0x00000084 1 8  6
636 33542571 0x00000084 0x00000084 1 8  6
636 33542601 0x00000084 0x00000084 1 8  6
636 33542631 0x00000084 0x00000084 1 8  6
636 33542661 0x00000084 0x00000084 1 8  6
636 33542691 0x00000084 0x00000084 1 8  6
636 33542721 0x00000084 0x00000084 1 8  6
636 33542751 0x00000084 0x00000084 1 8  6
636 33542781 0x00000084 0x00000084 1 8  6
636 33542812 0x00000084 0x00000084 1 8  6
636 33542842 0x00000084 0x00000084 1 8  6
636 33542872 0x00000084 0x00000084 1 8  6
636 33542902 0x00000084 0x00000084 1 8  6
636 33542932 0x00000084 0x00000084 1 8  6
636 33542962 0x00000084 0x00000084 1 8  6
636 33542992 0x00000084 0x00000084 1 8  6
636 33543022 0x00000084 0x00000084 1 8  6
636 33543052 0x00000084 0x00000084 1 8  6
636 33543082 0x00000084 0x00000084 1 8  6
636 33543112 0x00000084 0x00000084 1 8  6
636 33543142 0x00000084 0x00000084 1 8  6
636 33543172 0x00000084 0x00000084 1 8  6
636 33543202 0x00000084 0x00000084 1 8  6
636 33543232 0x00000084 0x00000084 1 8  6
636 33543262 0x00000084 0x00000084 1 8  6
636 33543292 0x00000084 0x00000084 1 8  6
636 33543322 0x00000084 0x00000084 1 8  6
636 33543352 0x00000084 0x00000084 1 8  6
636 33543382 0x00000084 0x00000084 1 8  6
636 33543412 0x00000084 0x00000084 1 8  6
636 33543442 0x00000084 0x00000084 1 8  6
636 33543472 0x00000084 0x00000084 1 8  6
636 33543503 0x00000084 0x00000084 1 8  6
636 33543533 0x00000084 0x00000084 1 8  6
636 33543563 0x00000084 0x00000084 1 8  6
636 33543593 0x00000084 0x00000084 1 8  6
636 33543623 0x00000084 0x00000084 1 8  6
636 33543653 0x00000084 0x00000084 1 8  6
636 33543683 0x00000084 0x00000084 1 8  6
636 33543713 0x00000084 0x00000084 1 8  6
636 33543743 0x00000084 0x00000084 1 8  6
636 33543773 0x00000084 0x00000084 1 8  6
636 33543803 0x00000084 0x00000084 1 8  6
636 33543833 0x00000084 0x00000084 1 8  6
636 33543863 0x00000084 0x00000084 1 8  6
636 33543893 0x00000084 0x00000084 1 8  6
636 33543923 0x00000084 0x00000084 1 8  6
636 33543953 0x00000084 0x00000084 1 8  6
636 33543983 0x00000084 0x00000084 1 8  6
636 33544013 0x00000084 0x00000084 1 8  6
636 33544043 0x00000084 0x00000084 1 8  6
636 33544073 0x00000084 0x00000084 1 8  6
636 33544103 0x00000084 0x00000084 1 8  6
636 33544133 0x00000084 0x00000084 1 8  6
636 33544163 0x00000084 0x00000084 1 8  6
636 33544194 0x00000084 0x00000084 1 8  6
636 33544224 0x00000084 0x00000084 1 8  6
636 33544254 0x00000084 0x00000084 1 8  6
636 33544284 0x00000084 0x00000084 1 8  6
636 33544314 0x00000084 0x00000084 1 8  6
636 33544344 0x00000084 0x00000084 1 8  6
636 33544374 0x00000084 0x00000084 1 8  6
636 33544404 0x00000084 0x00000084 1 8  6
636 33544434 0x00000084 0x00000084 1 8  6
636 33544464 0x00000084 0x00000084 1 8  6
636 33544494 0x00000084 0x00000084 1 8  6
636 33544524 0x00000084 0x00000084 1 8  6
636 33544554 0x00000084 0x00000084 1 8  6
636 33544584 0x00000084 0x00000084 1 8  6
636 33544614 0x00000084 0x00000084 1 8  6
636 33544644 0x00000084 0x00000084 1 8  6
636 33544674 0x00000084 0x00000084 1 8  6
636 33544704 0x00000084 0x00000084 1 8  6
636 33544734 0x00000084 0x00000084 1 8  6
636 33544764 0x00000084 0x00000084 1 8  6
636 33544794 0x00000084 0x00000084 1 8  6
636 33544824 0x00000084 0x00000084 1 8  6
636 33544854 0x00000084 0x00000084 1 8  6
636 33544884 0x00000084 0x00000084 1 8  6
636 33544915 0x00000084 0x00000084 1 8  6
636 33544945 0x00000084 0x00000084 1 8  6
636 33544975 0x00000084 0x00000084 1 8  6
636 33545005 0x00000084 0x00000084 1 8  6
636 33545035 0x00000084 0x00000084 1 8  6
636 33545065 0x00000084 0x00000084 1 8  6
636 33545095 0x00000084 0x00000084 1 8  6
636 33545125 0x00000084 0x00000084 1 8  6
636 33545155 0x00000084 0x00000084 1 8  6
636 33545185 0x00000084 0x00000084 1 8  6
636 33545215 0x00000084 0x00000084 1 8  6
636 33545245 0x00000084 0x00000084 1 8  6
636 33545275 0x00000084 0x00000084 1 8  6
636 33545305 0x00000084 0x00000084 1 8  6
636 33545335 0x00000084 0x00000084 1 8  6
636 33545365 0x00000084 0x00000084 1 8  6
636 33545395 0x00000084 0x00000084 1 8  6
636 33545425 0x00000084 0x00000084 1 8  6
636 33545455 0x00000084 0x00000084 1 8  6
636 33545485 0x00000084 0x00000084 1 8  6
636 33545515 0x00000084 0x00000084 1 8  6
636 33545545 0x00000084 0x00000084 1 8  6
636 33545575 0x00000084 0x00000084 1 8  6
636 33545606 0x00000084 0x00000084 1 8  6
636 33545636 0x00000084 0x00000084 1 8  6
636 33545666 0x00000084 0x00000084 1 8  6
636 33545696 0x00000084 0x00000084 1 8  6
636 33545726 0x00000084 0x00000084 1 8  6
636 33545756 0x00000084 0x00000084 1 8  6
636 33545786 0x00000084 0x00000084 1 8  6
636 33545816 0x00000084 0x00000084 1 8  6
636 33545846 0x00000084 0x00000084 1 8  6
636 33545876 0x00000084 0x00000084 1 8  6
636 33545906 0x00000084 0x00000084 1 8  6
636 33545936 0x00000084 0x00000084 1 8  6
636 33545966 0x00000084 0x00000084 1 8  6
636 33545996 0x00000084 0x00000084 1 8  6
636 33546026 0x00000084 0x00000084 1 8  6
636 33546056 0x00000084 0x00000084 1 8  6
636 33546086 0x00000084 0x00000084 1 8  6
636 33546116 0x00000084 0x00000084 1 8  6
636 33546146 0x00000084 0x00000084 1 8  6
636 33546176 0x00000084 0x00000084 1 8  6
636 33546206 0x00000084 0x00000084 1 8  6
636 33546236 0x00000084 0x00000084 1 8  6
636 33546266 0x00000084 0x00000084 1 8  6
636 33546297 0x00000084 0x00000084 1 8  6
636 33546327 0x00000084 0x00000084 1 8  6
636 33546357 0x00000084 0x00000084 1 8  6
636 33546387 0x00000084 0x00000084 1 8  6
636 33546417 0x00000084 0x00000084 1 8  6
636 33546447 0x00000084 0x00000084 1 8  6
636 33546477 0x00000084 0x00000084 1 8  6
636 33546507 0x00000084 0x00000084 1 8  6
636 33546537 0x00000084 0x00000084 1 8  6
636 33546567 0x00000084 0x00000084 1 8  6
636 33546597 0x00000084 0x00000084 1 8  6
636 33546627 0x00000084 0x00000084 1 8  6
636 33546657 0x00000084 0x00000084 1 8  6
636 33546687 0x00000084 0x00000084 1 8  6
636 33546717 0x00000084 0x00000084 1 8  6
636 33546747 0x00000084 0x00000084 1 8  6
636 33546777 0x00000084 0x00000084 1 8  6
636 33546807 0x00000084 0x00000084 1 8  6
636 33546837 0x00000084 0x00000084 1 8  6
636 33546867 0x00000084 0x00000084 1 8  6
636 33546897 0x00000084 0x00000084 1 8  6
636 33546927 0x00000084 0x00000084 1 8  6
636 33546957 0x00000084 0x00000084 1 8  6
636 33546988 0x00000084 0x00000084 1 8  6
636 33547018 0x00000084 0x00000084 1 8  6
636 33547048 0x00000084 0x00000084 1 8  6
636 33547078 0x00000084 0x00000084 1 8  6
636 33547108 0x00000084 0x00000084 1 8  6
636 33547138 0x00000084 0x00000084 1 8  6
636 33547168 0x00000084 0x00000084 1 8  6
636 33547198 0x00000084 0x00000084 1 8  6
636 33547228 0x00000084 0x00000084 1 8  6
636 33547258 0x00000084 0x00000084 1 8  6
636 33547288 0x00000084 0x00000084 1 8  6
636 33547318 0x00000084 0x00000084 1 8  6
636 33547608 0x00000084 0x00000084 1 8  6
636 33547638 0x00000084 0x00000084 1 8  6
636 33547668 0x00000084 0x00000084 1 8  6
636 33547699 0x00000084 0x00000084 1 8  6
636 33547729 0x00000084 0x00000084 1 8  6
636 33547759 0x00000084 0x00000084 1 8  6
636 33547789 0x00000084 0x00000084 1 8  6
636 33547829 0x00000084 0x00000084 1 8  6
636 33547859 0x00000084 0x00000084 1 8  6
636 33547889 0x00000084 0x00000084 1 8  6
636 33547919 0x00000084 0x00000084 1 8  6
636 33547949 0x00000084 0x00000084 1 8  6
636 33547979 0x00000084 0x00000084 1 8  6
636 33548009 0x00000084 0x00000084 1 8  6
636 33548039 0x00000084 0x00000084 1 8  6
636 33548069 0x00000084 0x00000084 1 8  6
636 33548099 0x00000084 0x00000084 1 8  6
636 33548129 0x00000084 0x00000084 1 8  6
636 33548159 0x00000084 0x00000084 1 8  6
636 33548189 0x00000084 0x00000084 1 8  6
636 33548219 0x00000084 0x00000084 1 8  6
636 33548249 0x00000084 0x00000084 1 8  6
636 33548279 0x00000084 0x00000084 1 8  6
636 33548309 0x00000084 0x00000084 1 8  6
636 33548339 0x00000084 0x00000084 1 8  6
636 33548370 0x00000084 0x00000084 1 8  6
636 33548400 0x00000084 0x00000084 1 8  6
636 33548430 0x00000084 0x00000084 1 8  6
636 33548460 0x00000084 0x00000084 1 8  6
636 33548490 0x00000084 0x00000084 1 8  6
636 33548520 0x00000084 0x00000084 1 8  6
636 33548550 0x00000084 0x00000084 1 8  6
636 33548580 0x00000084 0x00000084 1 8  6
636 33548610 0x00000084 0x00000084 1 8  6
636 33548640 0x00000084 0x00000084 1 8  6
636 33548670 0x00000084 0x00000084 1 8  6
636 33548700 0x00000084 0x00000084 1 8  6
636 33548730 0x00000084 0x00000084 1 8  6
636 33548760 0x00000084 0x00000084 1 8  6
636 33548790 0x00000084 0x00000084 1 8  6
636 33548820 0x00000084 0x00000084 1 8  6
636 33548850 0x00000084 0x00000084 1 8  6
636 33548880 0x00000084 0x00000084 1 8  6
636 33548910 0x00000084 0x00000084 1 8  6
636 33548940 0x00000084 0x00000084 1 8  6
636 33548970 0x00000084 0x00000084 1 8  6
636 33549000 0x00000084 0x00000084 1 8  6
636 33549030 0x00000084 0x00000084 1 8  6
636 33549060 0x00000084 0x00000084 1 8  6
636 33549091 0x00000084 0x00000084 1 8  6
636 33549121 0x00000084 0x00000084 1 8  6
636 33549151 0x00000084 0x00000084 1 8  6
636 33549181 0x00000084 0x00000084 1 8  6
636 33549211 0x00000084 0x00000084 1 8  6
636 33549241 0x00000084 0x00000084 1 8  6
636 33549271 0x00000084 0x00000084 1 8  6
636 33549301 0x00000084 0x00000084 1 8  6
636 33549331 0x00000084 0x00000084 1 8  6
636 33549361 0x00000084 0x00000084 1 8  6
636 33549391 0x00000084 0x00000084 1 8  6
636 33549421 0x00000084 0x00000084 1 8  6
636 33549451 0x00000084 0x00000084 1 8  6
636 33549481 0x00000084 0x00000084 1 8  6
636 33549511 0x00000084 0x00000084 1 8  6
636 33549541 0x00000084 0x00000084 1 8  6
636 33549571 0x00000084 0x00000084 1 8  6
636 33549601 0x00000084 0x00000084 1 8  6
636 33549631 0x00000084 0x00000084 1 8  6
636 33549661 0x00000084 0x00000084 1 8  6
636 33549691 0x00000084 0x00000084 1 8  6
636 33549721 0x00000084 0x00000084 1 8  6
636 33549751 0x00000084 0x00000084 1 8  6
636 33549782 0x00000084 0x00000084 1 8  6
636 33549812 0x00000084 0x00000084 1 8  6
636 33549842 0x00000084 0x00000084 1 8  6
636 33549872 0x00000084 0x00000084 1 8  6
636 33549902 0x00000084 0x00000084 1 8  6
636 33549932 0x00000084 0x00000084 1 8  6
636 33549962 0x00000084 0x00000084 1 8  6
636 33549992 0x00000084 0x00000084 1 8  6
636 33550022 0x00000084 0x00000084 1 8  6
636 33550052 0x00000084 0x00000084 1 8  6
636 33550082 0x00000084 0x00000084 1 8  6
636 33550112 0x00000084 0x00000084 1 8  6
636 33550142 0x00000084 0x00000084 1 8  6
636 33550172 0x00000084 0x00000084 1 8  6
636 33550202 0x00000084 0x00000084 1 8  6
636 33550232 0x00000084 0x00000084 1 8  6
636 33550262 0x00000084 0x00000084 1 8  6
636 33550292 0x00000084 0x00000084 1 8  6
636 33550322 0x00000084 0x00000084 1 8  6
636 33550352 0x00000084 0x00000084 1 8  6
636 33550382 0x00000084 0x00000084 1 8  6
636 33550412 0x00000084 0x00000084 1 8  6
636 33550442 0x00000084 0x00000084 1 8  6
636 33550473 0x00000084 0x00000084 1 8  6
636 33550503 0x00000084 0x00000084 1 8  6
636 33550533 0x00000084 0x00000084 1 8  6
636 33550563 0x00000084 0x00000084 1 8  6
636 33550593 0x00000084 0x00000084 1 8  6
636 33550623 0x00000084 0x00000084 1 8  6
636 33550653 0x00000084 0x00000084 1 8  6
636 33550683 0x00000084 0x00000084 1 8  6
636 33550713 0x00000084 0x00000084 1 8  6
636 33550743 0x00000084 0x00000084 1 8  6
636 33550773 0x00000084 0x00000084 1 8  6
636 33550803 0x00000084 0x00000084 1 8  6
636 33550833 0x00000084 0x00000084 1 8  6
636 33550863 0x00000084 0x00000084 1 8  6
636 33550893 0x00000084 0x00000084 1 8  6
636 33550923 0x00000084 0x00000084 1 8  6
636 33550953 0x00000084 0x00000084 1 8  6
636 33550983 0x00000084 0x00000084 1 8  6
636 33551013 0x00000084 0x00000084 1 8  6
636 33551043 0x00000084 0x00000084 1 8  6
636 33551073 0x00000084 0x00000084 1 8  6
636 33551103 0x00000084 0x00000084 1 8  6
636 33551133 0x00000084 0x00000084 1 8  6
636 33551164 0x00000084 0x00000084 1 8  6
636 33551194 0x00000084 0x00000084 1 8  6
636 33551224 0x00000084 0x00000084 1 8  6
636 33551254 0x00000084 0x00000084 1 8  6
636 33551284 0x00000084 0x00000084 1 8  6
636 33551314 0x00000084 0x00000084 1 8  6
636 33551344 0x00000084 0x00000084 1 8  6
636 33551374 0x00000084 0x00000084 1 8  6
636 33551404 0x00000084 0x00000084 1 8  6
636 33551434 0x00000084 0x00000084 1 8  6
636 33551464 0x00000084 0x00000084 1 8  6
636 33551494 0x00000084 0x00000084 1 8  6
636 33551524 0x00000084 0x00000084 1 8  6
636 33551554 0x00000084 0x00000084 1 8  6
636 33551584 0x00000084 0x00000084 1 8  6
636 33551614 0x00000084 0x00000084 1 8  6
636 33551644 0x00000084 0x00000084 1 8  6
636 33551674 0x00000084 0x00000084 1 8  6
636 33551704 0x00000084 0x00000084 1 8  6
636 33551734 0x00000084 0x00000084 1 8  6
636 33551764 0x00000084 0x00000084 1 8  6
636 33551794 0x00000084 0x00000084 1 8  6
636 33551824 0x00000084 0x00000084 1 8  6
636 33551855 0x00000084 0x00000084 1 8  6
636 33551885 0x00000084 0x00000084 1 8  6
636 33551915 0x00000084 0x00000084 1 8  6
636 33551945 0x00000084 0x00000084 1 8  6
636 33551975 0x00000084 0x00000084 1 8  6
636 33552005 0x00000084 0x00000084 1 8  6
636 33552035 0x00000084 0x00000084 1 8  6
636 33552065 0x00000084 0x00000084 1 8  6
636 33552335 0x00000084 0x00000084 1 8  6
636 33552365 0x00000084 0x00000084 1 8  6
636 33552395 0x00000084 0x00000084 1 8  6
636 33552425 0x00000084 0x00000084 1 8  6
636 33552455 0x00000084 0x00000084 1 8  6
636 33552485 0x00000084 0x00000084 1 8  6
636 33552515 0x00000084 0x00000084 1 8  6
636 33552546 0x00000084 0x00000084 1 8  6
636 33552576 0x00000084 0x00000084 1 8  6
636 33552606 0x00000084 0x00000084 1 8  6
636 33552636 0x00000084 0x00000084 1 8  6
636 33552666 0x00000084 0x00000084 1 8  6
636 33552696 0x00000084 0x00000084 1 8  6
636 33552726 0x00000084 0x00000084 1 8  6
636 33552756 0x00000084 0x00000084 1 8  6
636 33552786 0x00000084 0x00000084 1 8  6
636 33552816 0x00000084 0x00000084 1 8  6
636 33552846 0x00000084 0x00000084 1 8  6
636 33552876 0x00000084 0x00000084 1 8  6
636 33552906 0x00000084 0x00000084 1 8  6
636 33552936 0x00000084 0x00000084 1 8  6
636 33552966 0x00000084 0x00000084 1 8  6
636 33552996 0x00000084 0x00000084 1 8  6
636 33553026 0x00000084 0x00000084 1 8  6
636 33553056 0x00000084 0x00000084 1 8  6
636 33553086 0x00000084 0x00000084 1 8  6
636 33553116 0x00000084 0x00000084 1 8  6
636 33553146 0x00000084 0x00000084 1 8  6
636 33553176 0x00000084 0x00000084 1 8  6
636 33553206 0x00000084 0x00000084 1 8  6
636 33553237 0x00000084 0x00000084 1 8  6
636 33553267 0x00000084 0x00000084 1 8  6
636 33553297 0x00000084 0x00000084 1 8  6
636 33553327 0x00000084 0x00000084 1 8  6
636 33553357 0x00000084 0x00000084 1 8  6
636 33553387 0x00000084 0x00000084 1 8  6
636 33553417 0x00000084 0x00000084 1 8  6
636 33553447 0x00000084 0x00000084 1 8  6
636 33553477 0x00000084 0x00000084 1 8  6
636 33553507 0x00000084 0x00000084 1 8  6
636 33553537 0x00000084 0x00000084 1 8  6
636 33553567 0x00000084 0x00000084 1 8  6
636 33553597 0x00000084 0x00000084 1 8  6
636 33553627 0x00000084 0x00000084 1 8  6
636 33553657 0x00000084 0x00000084 1 8  6
636 33553687 0x00000084 0x00000084 1 8  6
636 33553717 0x00000084 0x00000084 1 8  6
636 33553747 0x00000084 0x00000084 1 8  6
636 33553777 0x00000084 0x00000084 1 8  6
636 33553807 0x00000084 0x00000084 1 8  6
636 33553837 0x00000084 0x00000084 1 8  6
636 33553867 0x00000084 0x00000084 1 8  6
636 33553897 0x00000084 0x00000084 1 8  6
636 33553927 0x00000084 0x00000084 1 8  6
636 33553958 0x00000084 0x00000084 1 8  6
636 33553988 0x00000084 0x00000084 1 8  6
636 33554018 0x00000084 0x00000084 1 8  6
636 33554298 0x00000084 0x00000084 1 8  6
636 33554328 0x00000084 0x00000084 1 8  6
636 33554358 0x00000084 0x00000084 1 8  6
636 33554388 0x00000084 0x00000084 1 8  6
636 33554418 0x00000084 0x00000084 1 8  6
636 33554448 0x00000084 0x00000084 1 8  6
636 33554478 0x00000084 0x00000084 1 8  6
636 33554508 0x00000084 0x00000084 1 8  6
636 33554538 0x00000084 0x00000084 1 8  6
636 33554568 0x00000084 0x00000084 1 8  6
636 33554598 0x00000084 0x00000084 1 8  6
636 33554629 0x00000084 0x00000084 1 8  6
636 33554659 0x00000084 0x00000084 1 8  6
636 33554689 0x00000084 0x00000084 1 8  6
636 33554719 0x00000084 0x00000084 1 8  6
636 33554749 0x00000084 0x00000084 1 8  6
636 33554779 0x00000084 0x00000084 1 8  6
636 33554809 0x00000084 0x00000084 1 8  6
636 33554839 0x00000084 0x00000084 1 8  6
636 33554869 0x00000084 0x00000084 1 8  6
636 33554899 0x00000084 0x00000084 1 8  6
636 33554929 0x00000084 0x00000084 1 8  6
636 33554959 0x00000084 0x00000084 1 8  6
636 33554989 0x00000084 0x00000084 1 8  6
636 33555019 0x00000084 0x00000084 1 8  6
636 33555049 0x00000084 0x00000084 1 8  6
636 33555079 0x00000084 0x00000084 1 8  6
636 33555109 0x00000084 0x00000084 1 8  6
636 33555139 0x00000084 0x00000084 1 8  6
636 33555169 0x00000084 0x00000084 1 8  6
636 33555199 0x00000084 0x00000084 1 8  6
636 33555229 0x00000084 0x00000084 1 8  6
636 33555259 0x00000084 0x00000084 1 8  6
636 33555289 0x00000084 0x00000084 1 8  6
636 33555319 0x00000084 0x00000084 1 8  6
636 33555350 0x00000084 0x00000084 1 8  6
636 33555380 0x00000084 0x00000084 1 8  6
636 33555410 0x00000084 0x00000084 1 8  6
636 33555440 0x00000084 0x00000084 1 8  6
636 33555470 0x00000084 0x00000084 1 8  6
636 33555500 0x00000084 0x00000084 1 8  6
636 33555530 0x00000084 0x00000084 1 8  6
636 33555560 0x00000084 0x00000084 1 8  6
636 33555590 0x00000084 0x00000084 1 8  6
636 33555620 0x00000084 0x00000084 1 8  6
636 33555650 0x00000084 0x00000084 1 8  6
636 33555690 0x00000084 0x00000084 1 8  6
636 33555720 0x00000084 0x00000084 1 8  6
636 33555750 0x00000084 0x00000084 1 8  6
636 33555780 0x00000084 0x00000084 1 8  6
636 33555810 0x00000084 0x00000084 1 8  6
636 33555840 0x00000084 0x00000084 1 8  6
636 33555870 0x00000084 0x00000084 1 8  6
636 33555900 0x00000084 0x00000084 1 8  6
636 33555930 0x00000084 0x00000084 1 8  6
636 33555960 0x00000084 0x00000084 1 8  6
636 33555990 0x00000084 0x00000084 1 8  6
636 33556021 0x00000084 0x00000084 1 8  6
636 33556051 0x00000084 0x00000084 1 8  6
636 33556081 0x00000084 0x00000084 1 8  6
636 33556111 0x00000084 0x00000084 1 8  6
636 33556141 0x00000084 0x00000084 1 8  6
636 33556171 0x00000084 0x00000084 1 8  6
636 33556201 0x00000084 0x00000084 1 8  6
636 33556231 0x00000084 0x00000084 1 8  6
636 33556261 0x00000084 0x00000084 1 8  6
636 33556291 0x00000084 0x00000084 1 8  6
636 33556321 0x00000084 0x00000084 1 8  6
636 33556351 0x00000084 0x00000084 1 8  6
636 33556381 0x00000084 0x00000084 1 8  6
636 33556411 0x00000084 0x00000084 1 8  6
636 33556441 0x00000084 0x00000084 1 8  6
636 33556471 0x00000084 0x00000084 1 8  6
636 33556501 0x00000084 0x00000084 1 8  6
636 33556531 0x00000084 0x00000084 1 8  6
636 33556561 0x00000084 0x00000084 1 8  6
636 33556591 0x00000084 0x00000084 1 8  6
636 33556621 0x00000084 0x00000084 1 8  6
636 33556651 0x00000084 0x00000084 1 8  6
636 33556681 0x00000084 0x00000084 1 8  6
636 33556712 0x00000084 0x00000084 1 8  6
636 33556742 0x00000084 0x00000084 1 8  6
636 33556772 0x00000084 0x00000084 1 8  6
636 33556802 0x00000084 0x00000084 1 8  6
636 33556832 0x00000084 0x00000084 1 8  6
636 33556862 0x00000084 0x00000084 1 8  6
636 33556892 0x00000084 0x00000084 1 8  6
636 33556922 0x00000084 0x00000084 1 8  6
636 33556952 0x00000084 0x00000084 1 8  6
636 33556982 0x00000084 0x00000084 1 8  6
636 33557012 0x00000084 0x00000084 1 8  6
636 33557042 0x00000084 0x00000084 1 8  6
636 33557072 0x00000084 0x00000084 1 8  6
636 33557102 0x00000084 0x00000084 1 8  6
636 33557132 0x00000084 0x00000084 1 8  6
636 33557162 0x00000084 0x00000084 1 8  6
636 33557192 0x00000084 0x00000084 1 8  6
636 33557222 0x00000084 0x00000084 1 8  6
636 33557252 0x00000084 0x00000084 1 8  6
636 33557282 0x00000084 0x00000084 1 8  6
636 33557312 0x00000084 0x00000084 1 8  6
636 33557342 0x00000084 0x00000084 1 8  6
636 33557372 0x00000084 0x00000084 1 8  6
636 33557402 0x00000084 0x00000084 1 8  6
636 33557433 0x00000084 0x00000084 1 8  6
636 33557463 0x00000084 0x00000084 1 8  6
636 33557493 0x00000084 0x00000084 1 8  6
636 33557523 0x00000084 0x00000084 1 8  6
636 33557553 0x00000084 0x00000084 1 8  6
636 33557583 0x00000084 0x00000084 1 8  6
636 33557613 0x00000084 0x00000084 1 8  6
636 33557643 0x00000084 0x00000084 1 8  6
636 33557673 0x00000084 0x00000084 1 8  6
636 33557703 0x00000084 0x00000084 1 8  6
636 33557733 0x00000084 0x00000084 1 8  6
636 33557763 0x00000084 0x00000084 1 8  6
636 33557793 0x00000084 0x00000084 1 8  6
636 33557823 0x00000084 0x00000084 1 8  6
636 33557863 0x00000084 0x00000084 1 8  6
636 33557893 0x00000084 0x00000084 1 8  6
636 33557923 0x00000084 0x00000084 1 8  6
636 33557953 0x00000084 0x00000084 1 8  6
636 33557983 0x00000084 0x00000084 1 8  6
636 33558013 0x00000084 0x00000084 1 8  6
636 33558043 0x00000084 0x00000084 1 8  6
636 33558073 0x00000084 0x00000084 1 8  6
636 33558104 0x00000084 0x00000084 1 8  6
636 33558134 0x00000084 0x00000084 1 8  6
636 33558164 0x00000084 0x00000084 1 8  6
636 33558194 0x00000084 0x00000084 1 8  6
636 33558224 0x00000084 0x00000084 1 8  6
636 33558254 0x00000084 0x00000084 1 8  6
636 33558284 0x00000084 0x00000084 1 8  6
636 33558314 0x00000084 0x00000084 1 8  6
636 33558344 0x00000084 0x00000084 1 8  6
636 33558374 0x00000084 0x00000084 1 8  6
636 33558404 0x00000084 0x00000084 1 8  6
636 33558434 0x00000084 0x00000084 1 8  6
636 33558464 0x00000084 0x00000084 1 8  6
1112 33571012 0x00000084 0x00000084 1 8  6
1112 33571092 0x00000084 0x00000084 1 8  6
1112 33571463 0x00000084 0x00000084 1 8  6
1112 33571553 0x00000084 0x00000084 1 8  6
1112 33571783 0x00000084 0x00000084 1 8  6
1112 33571913 0x00000084 0x00000084 1 8  6
1112 33572184 0x00000084 0x00000084 1 8  6
1112 33572274 0x00000084 0x00000084 1 8  6
1112 33572464 0x00000084 0x00000084 1 8  6
1112 33572574 0x00000084 0x00000084 1 8  6
1112 33572835 0x00000084 0x00000084 1 8  6
1112 33572905 0x00000084 0x00000084 1 8  6
1112 33573135 0x00000084 0x00000084 1 8  6
1112 33573255 0x00000084 0x00000084 1 8  6
1112 33573596 0x00000084 0x00000084 1 8  6
1112 33573676 0x00000084 0x00000084 1 8  6
1112 33573806 0x00000084 0x00000084 1 8  6
1112 33573916 0x00000084 0x00000084 1 8  6
1112 33574016 0x00000084 0x00000084 1 8  6
1112 33574086 0x00000084 0x00000084 1 8  6
1112 33574247 0x00000084 0x00000084 1 8  6
1112 33574317 0x00000084 0x00000084 1 8  6
1112 33582198 0x00000084 0x00000084 1 8  6
1112 33582288 0x00000084 0x00000084 0 0  87
1112 33584552 0x00000084 0x00000084 0 0  6
1112 33584702 0x00000084 0x00000084 0 0  6
1112 33585853 0x00000084 0x00000084 0 0  6
1112 33585984 0x00000084 0x00000084 0 0  6
1112 33586064 0x00000084 0x00000084 0 0  6
1112 33586154 0x00000084 0x00000084 0 0  6
1112 33586224 0x00000084 0x00000084 0 0  6
1112 33586264 0x00000084 0x00000084 0 0  6
1112 33586294 0x00000084 0x00000084 0 0  6
1112 33586324 0x00000084 0x00000084 0 0  6
1112 33586424 0x00000084 0x00000084 0 0  6
