1012 32498951 0x00000084 0x00000084 1 8  6
1012 32498981 0x00000084 0x00000084 1 8  6
1012 32499011 0x00000084 0x00000084 1 8  6
1012 32500393 0x00000084 0x00000084 1 8  6
1012 32500493 0x00000084 0x00000084 1 8  6
1012 32501114 0x00000084 0x00000084 1 8  6
1012 32501214 0x00000084 0x00000084 1 8  6
1012 32501524 0x00000084 0x00000084 1 8  6
1012 32501564 0x00000084 0x00000084 1 8  6
1012 32501775 0x00000084 0x00000084 1 8  6
1012 32501855 0x00000084 0x00000084 1 8  6
1012 32502025 0x00000084 0x00000084 1 8  6
1012 32502105 0x00000084 0x00000084 1 8  6
1012 32502175 0x00000084 0x00000084 1 8  6
1012 32502235 0x00000084 0x00000084 1 8  6
1012 32502416 0x00000084 0x00000084 1 8  6
1012 32502446 0x00000084 0x00000084 1 8  6
1012 32502476 0x00000084 0x00000084 1 8  6
1012 32502506 0x00000084 0x00000084 1 8  6
1012 32502536 0x00000084 0x00000084 1 8  6
1012 32502566 0x00000084 0x00000084 1 8  6
1012 32502596 0x00000084 0x00000084 1 8  6
1012 32502626 0x00000084 0x00000084 1 8  6
1012 32502656 0x00000084 0x00000084 1 8  6
1012 32502686 0x00000084 0x00000084 1 8  6
1012 32502716 0x00000084 0x00000084 1 8  6
1012 32502746 0x00000084 0x00000084 1 8  6
1012 32502776 0x00000084 0x00000084 1 8  6
1012 32502806 0x00000084 0x00000084 1 8  6
1012 32502836 0x00000084 0x00000084 1 8  6
1012 32502866 0x00000084 0x00000084 1 8  6
1012 32502896 0x00000084 0x00000084 1 8  6
1012 32502926 0x00000084 0x00000084 1 8  6
1012 32502956 0x00000084 0x00000084 1 8  6
1012 32502986 0x00000084 0x00000084 1 8  6
1012 32503016 0x00000084 0x00000084 1 8  6
1012 32503046 0x00000084 0x00000084 1 8  6
1012 32503076 0x00000084 0x00000084 1 8  6
1012 32503106 0x00000084 0x00000084 1 8  6
1012 32503137 0x00000084 0x00000084 1 8  6
1012 32503167 0x00000084 0x00000084 1 8  6
1012 32503197 0x00000084 0x00000084 1 8  6
1012 32503227 0x00000084 0x00000084 1 8  6
1012 32503257 0x00000084 0x00000084 1 8  6
1012 32503287 0x00000084 0x00000084 1 8  6
1012 32503317 0x00000084 0x00000084 1 8  6
1012 32503347 0x00000084 0x00000084 1 8  6
1012 32503377 0x00000084 0x00000084 1 8  6
1012 32503407 0x00000084 0x00000084 1 8  6
1012 32503437 0x00000084 0x00000084 1 8  6
1012 32503467 0x00000084 0x00000084 1 8  6
1012 32503497 0x00000084 0x00000084 1 8  6
1012 32503527 0x00000084 0x00000084 1 8  6
1012 32503557 0x00000084 0x00000084 1 8  6
1012 32503587 0x00000084 0x00000084 1 8  6
1012 32503617 0x00000084 0x00000084 1 8  6
1012 32503647 0x00000084 0x00000084 1 8  6
1012 32503677 0x00000084 0x00000084 1 8  6
1012 32503707 0x00000084 0x00000084 1 8  6
1012 32503737 0x00000084 0x00000084 1 8  6
1012 32503767 0x00000084 0x00000084 1 8  6
1012 32503797 0x00000084 0x00000084 1 8  6
1012 32503828 0x00000084 0x00000084 1 8  6
1012 32503858 0x00000084 0x00000084 1 8  6
1012 32503888 0x00000084 0x00000084 1 8  6
1012 32503918 0x00000084 0x00000084 1 8  6
1012 32503948 0x00000084 0x00000084 1 8  6
1012 32503978 0x00000084 0x00000084 1 8  6
1012 32504008 0x00000084 0x00000084 1 8  6
1012 32504038 0x00000084 0x00000084 1 8  6
1012 32504068 0x00000084 0x00000084 1 8  6
1012 32504098 0x00000084 0x00000084 1 8  6
1012 32504128 0x00000084 0x00000084 1 8  6
1012 32504158 0x00000084 0x00000084 1 8  6
1012 32504188 0x00000084 0x00000084 1 8  6
1012 32504218 0x00000084 0x00000084 1 8  6
1012 32504248 0x00000084 0x00000084 1 8  6
1012 32504278 0x00000084 0x00000084 1 8  6
1012 32504308 0x00000084 0x00000084 1 8  6
1012 32504338 0x00000084 0x00000084 1 8  6
1012 32504368 0x00000084 0x00000084 1 8  6
1012 32504398 0x00000084 0x00000084 1 8  6
1012 32504428 0x00000084 0x00000084 1 8  6
1012 32504458 0x00000084 0x00000084 1 8  6
1012 32504488 0x00000084 0x00000084 1 8  6
1012 32504519 0x00000084 0x00000084 1 8  6
1012 32504549 0x00000084 0x00000084 1 8  6
1012 32504579 0x00000084 0x00000084 1 8  6
1012 32504609 0x00000084 0x00000084 1 8  6
1012 32504639 0x00000084 0x00000084 1 8  6
1012 32504669 0x00000084 0x00000084 1 8  6
1012 32504699 0x00000084 0x00000084 1 8  6
1012 32504729 0x00000084 0x00000084 1 8  6
1012 32504759 0x00000084 0x00000084 1 8  6
1012 32504789 0x00000084 0x00000084 1 8  6
1012 32504819 0x00000084 0x00000084 1 8  6
1012 32504849 0x00000084 0x00000084 1 8  6
1012 32504879 0x00000084 0x00000084 1 8  6
1012 32504909 0x00000084 0x00000084 1 8  6
1012 32504939 0x00000084 0x00000084 1 8  6
1012 32504969 0x00000084 0x00000084 1 8  6
1012 32504999 0x00000084 0x00000084 1 8  6
1012 32505029 0x00000084 0x00000084 1 8  6
1012 32505059 0x00000084 0x00000084 1 8  6
1012 32505099 0x00000084 0x00000084 1 8  6
1012 32505129 0x00000084 0x00000084 1 8  6
1012 32505159 0x00000084 0x00000084 1 8  6
1012 32505189 0x00000084 0x00000084 1 8  6
1012 32505220 0x00000084 0x00000084 1 8  6
1012 32505250 0x00000084 0x00000084 1 8  6
1012 32505280 0x00000084 0x00000084 1 8  6
1012 32505310 0x00000084 0x00000084 1 8  6
1012 32505340 0x00000084 0x00000084 1 8  6
1012 32505370 0x00000084 0x00000084 1 8  6
1012 32505400 0x00000084 0x00000084 1 8  6
1012 32505430 0x00000084 0x00000084 1 8  6
1012 32505460 0x00000084 0x00000084 1 8  6
1012 32505490 0x00000084 0x00000084 1 8  6
1012 32505520 0x00000084 0x00000084 1 8  6
1012 32505550 0x00000084 0x00000084 1 8  6
1012 32505580 0x00000084 0x00000084 1 8  6
1012 32505610 0x00000084 0x00000084 1 8  6
1012 32515204 0x00000084 0x00000084 1 8  6
1012 32515304 0x00000084 0x00000084 1 8  6
1012 32515665 0x00000084 0x00000084 1 8  6
1012 32515755 0x00000084 0x00000084 1 8  6
